--New point cloud--
Y=[[ 2.33470863]]X+[[-177.64788787]]
Y=[[-2.33858783]]X+[[ 18.2858297]]
