--New point cloud--
Y=[[ 1.80181864]]X+[[ 243.49120751]]
Y=[[ 1.7837933]]X+[[ 1.43905445]]
