--New point cloud--
Y=[[ 0.50105763]]X+[[ 3.55896546]]
Y=[[-1.07109764]]X+[[ 11.54853522]]
Y=[[ 0.45613678]]X+[[ 5.72825777]]